//Luis Pereira
//Eric Ruiz Diaz
//G16


---------------------------------------------------------------------------------------------------------------------------------------------------------------------------------------------------------------
|		|		   Busqueda Binaria				|				   Busqueda lineal		  
|	N	|------------------------------------------------------------------------------------------------------------------------------------------------------------------------------------
|		|	T(n) en ms   |	T/N	|   T/(N log, N )   |     T/N^2	|	T(n) en ms   |	T/N	|     T/(N log, N)    |     T/N^2     
---------------------------------------------------------------------------------------------------------------------------------------------------------------------------------------------------------------
|	50000	|	15	         0.000300	   0.000019		  0.000000	|	  1812		0.036240	      0.002322	0.000000 
|	100000	|	30	         0.000300	   0.000018		  0.000000	|	  6741		0.067410	      0.004058	0.000000 
|	150000	|	50	         0.000333	   0.000019		  0.000000	|	  14354		0.095693	      0.005565	0.000000 
|	200000	|	64	         0.000320	   0.000018		  0.000000	|	  32780		0.163900	      0.009307	0.000000 
|	250000	|	167	         0.000668	   0.000037		  0.000000	|	  71904		0.287616	      0.016040	0.000000 
|	300000	|	165	         0.000550	   0.000030		  0.000000	|	  91932		0.306440	      0.016842	0.000000 
|	350000	|	202	         0.000577	   0.000031		  0.000000	|	  120077		0.343077	      0.018628	0.000000 
|	400000	|	141	         0.000353	   0.000019		  0.000000	|	  95259		0.238148	      0.012797	0.000000 
|	450000	|	158	         0.000351	   0.000019		  0.000000	|	  121200		0.269333	      0.014342	0.000000 
|	500000	|	171	         0.000342	   0.000018		  0.000000	|	  171712		0.343424	      0.018140	0.000000 
|	550000	|	185	         0.000336	   0.000018		  0.000000	|	  168382		0.306149	      0.016055	0.000000 
|	600000	|	212	         0.000353	   0.000018		  0.000000	|	  194873		0.324788	      0.016921	0.000000 
|	650000	|	220	         0.000338	   0.000018		  0.000000	|	  342797		0.527380	      0.027311	0.000000 
|	700000	|	447	         0.000639	   0.000033		  0.000000	|	  422214		0.603163	      0.031064	0.000000 
|	750000	|	464	         0.000619	   0.000032		  0.000000	|	  481786		0.642381	      0.032915	0.000000 
|	800000	|	441	         0.000551	   0.000028		  0.000000	|	  320780		0.400975	      0.020448	0.000000 
|	850000	|	300	         0.000353	   0.000018		  0.000000	|	  364824		0.429205	      0.021790	0.000000 
|	900000	|	333	         0.000370	   0.000019		  0.000000	|	  377221		0.419134	      0.021190	0.000000 
|	950000	|	377	         0.000397	   0.000020		  0.000000	|	  406316		0.427701	      0.021538	0.000000 
|	1000000	|	361	         0.000361	   0.000018		  0.000000	|	  438304		0.438304	      0.021990	0.000000 

version de java:	11
version de windows:	Windows 10 Home 64-bit (10.0, Build 16299)
ram:		8gb
cpu:		Intel Core i7 6600U @ 2.50GHz
